world: 869e1239-ab32-4685-8708-1701a276c438
world-name: world
x: -92.12461953636877
y: 104.0
z: 873.1255714555758
yaw: -177.45005798339844
pitch: 16.35000228881836
name: Lobby
lastowner: 728fbbed-e495-3789-a264-d3bc8c4a2081
